21005
65200
20010
12345
00089
54000
00000
59487
54250
01001
79
30
22
02
879
029
906
065
2230
0080
61433
50004
450306
047000
6190193
0200090
81978361
40000000
892490163
080380303
7363906950
5000602011
18006867539163168585
01000000000000604103
427842184116728692499751048221
000007699400970900591889091000
1177070905373599730991906691130921105978
9700202066047003060000000003006803000080
07490186047593042402560410573695795663144779977625
40200290003002640920095702880601900002000200844480
855435692929204047861442877325259084509281725382638396080575
034650900030078080920000021021400406602000848040401570087800
5958030874130371444302645558280231030475581166203928965358860285474468
5003050363058000257015040070001080006048000881050017178286097005207090
76871980479194824058785522555715419440967146374678032191114074072214112454333798
05060400000040670044920020390000363069060203010004000000040507050008007800301000
782854325031306070034481683831113507294951844200512504932090605123297875979733747079327271
530260000300800806504014823000002065302060000600040050204050813007050035431990527020004340
5673563951416944793638569585201075319392539950241820038363041604387325540054190112438075716328950819
0980002020000904009000000609008725001000002940400040000000020070083127530302301060768300007009040500
