1,2
2,3,1
1,2,3,4
4,3,2,1
3,1,2,6,7
3,2,7,6,5,10
4,9,7,6,13,11,20,17,16,15
10,8,6,5,1,3,14,12,13,15
7,5,2,1,6,15,8,13,12,14
1,6,3,8,9,12,11,15,14,7
2,3,8,6,5,12,11,15,14,10
6,8,11,12,25,20,15,14,28,27
1,5,2,7,6,8,12,11,9,17,14,13,19,23,22,21,30,27,25,24
3,2,1,10,9,7,17,16,15,12,23,22,21,20,25,24,29,28,27,30
42,29,9,8,1,6,11,28,20,12,14,18,17,22,24,26,33,37,34,41,72,64,56,50,46,48,53,54,59,60,70,68,66,65,67,69,80,79,76,77,78,92,86,84,82,85,89,87,93,98
5,4,13,15,12,8,6,16,1,27,23,31,28,21,17,34,33,36,44,47,46,39,49,56,57,55,61,62,59,65,63,68,71,70,66,48,72,79,78,85,96,93,97,90,89,99,100,75,35,32
57,26,3,1,7,4,6,15,10,9,11,14,20,23,22,21,24,51,43,31,29,28,40,36,34,32,42,44,46,45,47,97,72,58,61,59,60,70,63,69,92,81,77,78,91,89,86,85,93,99
13,1,11,30,16,15,27,20,21,26,25,22,29,46,39,32,31,34,36,37,42,45,43,68,66,51,47,48,54,53,59,61,62,65,76,69,72,70,71,75,73,91,83,77,86,85,87,96,97,99
1,5,3,21,27,28,23,40,49,47,52,45,42,35,7,60,61,59,66,69,64,63,56,53,73,84,89,82,70,91,94,92,96,106,111,108,100,117,119,124,115,126,125,113,137,139,133,142,145,152,153,155,154,150,147,141,164,160,176,178,167,179,182,184,185,189,180,165,192,195,191,208,202,201,197,196,212,210,190,220,231,213,159,95,90,234,238,236,242,250,248,253,247,241,258,263,265,260,257,256,270,289,285,292,290,277,293,274,269,297,305,304,300,308,310,313,317,312,321,320,323,334,333,335,325,339,324,318,309,294,350,353,348,358,361,364,363,360,366,357,373,377,378,376,369,382,383,380,367,389,386,393,396,397,394,402,406,404,401,391,341,409,426,423,414,413,407,233,429,430,433,436,434,432,444,445,440,448,455,449,446,462,459,457,466,469,468,465,456,437,485,482,492,496,480,477,499,498,474,428
3,10,11,8,6,23,25,24,16,15,39,43,41,45,44,49,46,33,30,27,59,63,64,67,66,65,62,58,72,76,71,4,79,78,85,88,90,102,100,89,104,87,84,109,118,120,123,129,126,125,111,133,138,139,137,146,144,136,132,131,150,163,158,156,155,166,171,168,167,172,180,189,188,182,174,154,130,198,195,191,106,204,207,209,212,205,215,220,217,224,225,233,230,227,226,223,216,201,236,241,251,254,246,237,261,270,266,275,273,272,278,271,263,259,255,234,280,283,282,292,298,295,309,320,329,327,324,336,335,344,333,322,315,303,349,352,355,361,358,362,366,357,372,369,368,377,367,380,378,354,385,388,387,381,345,391,286,279,400,399,402,398,403,396,406,405,413,412,420,421,418,427,426,436,437,446,431,448,447,454,453,428,466,468,463,460,472,470,469,473,478,485,484,487,497,456,416,409,395,77
217,201,147,27,3,1,17,14,10,8,6,4,26,23,25,41,30,28,32,31,39,35,34,33,46,42,45,125,67,57,52,50,62,60,64,63,84,77,74,68,79,78,80,82,92,90,94,114,107,106,101,120,143,133,127,128,134,140,139,144,197,163,160,154,155,158,177,169,176,171,181,180,183,182,185,186,191,188,190,189,195,200,199,215,206,210,207,209,213,440,404,358,296,228,227,219,218,222,223,248,243,241,240,235,232,230,236,244,292,258,256,253,254,255,257,266,265,261,264,283,282,269,267,271,274,285,284,290,286,295,335,321,315,304,300,302,306,305,307,319,320,325,326,331,352,343,342,346,349,353,357,373,365,384,378,376,383,380,389,386,390,392,421,419,417,405,409,430,429,422,432,439,469,462,450,443,446,444,448,461,452,458,454,456,465,464,488,472,486,484,481,473,476,487,500,495,490,489,492,493
1,3,2,4,9,8,13,14,15,12,5,20,24,18,40,33,29,27,46,44,42,16,47,55,49,58,62,60,59,57,64,66,65,68,63,70,48,73,72,77,75,85,81,90,91,86,92,80,79,97,98,78,106,102,109,100,71,111,114,119,116,124,130,131,127,134,137,136,141,143,142,139,150,148,147,135,153,154,167,165,175,171,187,191,179,177,170,195,202,201,204,196,192,163,206,205,209,208,218,215,219,214,223,220,234,233,231,236,237,238,240,235,227,207,151,110,250,245,243,242,255,265,266,259,270,278,274,272,268,285,283,280,267,290,289,293,296,297,292,291,299,300,303,309,308,314,322,323,317,325,328,311,304,298,338,336,339,342,341,333,345,351,350,347,346,343,330,286,257,254,356,357,359,352,364,363,362,361,367,365,381,384,382,390,388,387,386,376,372,400,408,412,413,415,414,416,420,423,422,421,418,410,409,425,427,431,432,430,434,435,439,442,444,446,445,448,451,450,437,461,455,454,453,467,465,475,477,482,479,474,488,490,483,471,470,495,497,501,494,452,424,397,505,506,512,520,509,525,529,531,534,533,538,537,536,540,539,532,544,553,551,555,556,554,543,527,566,562,558,571,574,575,570,557,580,583,589,584,581,591,590,576,595,594,596,599,593,522,504,601,605,608,607,611,613,619,624,623,622,614,629,630,628,627,626,625,632,609,638,639,640,645,644,649,637,652,654,659,658,651,663,664,667,666,662,674,677,678,679,681,682,687,686,689,684,683,676,672,696,698,691,690,669,661,600,360,241,703,706,707,705,702,710,717,714,721,719,723,712,728,737,735,733,729,726,741,746,745,747,755,754,757,740,761,760,762,767,771,770,775,768,776,779,778,763,759,783,795,793,790,797,805,807,801,813,810,820,819,825,823,830,831,828,827,816,836,840,838,845,844,849,851,854,856,852,860,866,869,868,859,850,874,873,872,847,842,835,877,887,880,888,889,879,876,796,780,739,891,897,899,901,900,916,918,903,920,922,921,919,898,924,929,928,931,930,932,935,934,936,933,923,938,937,896,890,945,943,941,946,940,951,959,958,961,952,968,969,967,966,963,973,976,982,981,980,979,983,977,972,988,989,998,999,1000,994,991,987,949,939,700
656,355,45,17,9,4,2,5,8,10,12,13,25,22,18,23,26,36,31,28,30,29,32,34,138,130,129,47,96,76,54,51,48,53,73,67,58,74,75,82,81,77,79,85,93,91,95,99,98,118,113,106,102,101,100,103,104,105,110,114,125,123,119,121,127,135,222,146,140,139,145,143,141,144,155,153,148,152,183,176,162,157,158,159,171,166,163,168,174,175,178,177,179,180,182,208,184,199,192,191,186,197,196,204,201,206,221,216,215,214,210,211,219,217,286,265,226,225,264,227,254,248,231,237,232,235,246,238,243,242,250,262,255,258,256,259,277,275,273,270,268,267,274,280,279,282,281,331,323,308,287,300,296,292,290,294,298,305,303,302,307,315,310,319,316,322,329,327,324,328,349,343,332,342,337,333,336,347,346,344,354,351,350,352,353,618,555,386,376,362,366,363,364,372,371,373,384,381,377,379,530,521,396,393,394,499,453,415,409,400,399,406,404,402,405,414,413,427,418,416,420,421,426,433,432,452,450,438,447,444,458,457,455,470,460,468,463,464,469,484,477,475,476,482,495,494,492,490,491,498,496,514,504,503,505,520,518,517,526,524,527,553,537,535,531,532,533,550,542,540,539,541,546,544,543,549,547,552,575,568,566,563,560,556,564,569,574,609,598,593,577,586,580,585,581,590,589,587,592,594,595,601,603,611,614,639,619,634,628,620,623,626,625,633,629,638,635,636,637,642,655,643,651,649,654,652,967,800,760,708,677,675,662,658,666,665,663,670,667,668,673,676,698,678,692,688,681,684,683,685,687,695,694,701,707,705,702,703,706,737,729,713,724,719,715,714,722,723,733,731,730,735,740,739,748,742,749,757,750,753,759,778,770,763,761,762,768,767,764,771,783,779,780,782,784,797,788,793,795,798,799,866,829,820,812,811,803,807,810,813,821,822,824,827,825,828,856,831,830,832,854,850,848,846,845,839,849,851,853,860,857,858,861,862,865,864,899,875,869,867,871,870,873,872,897,879,877,878,893,881,890,883,886,888,891,894,935,932,917,915,911,902,901,903,922,925,923,931,930,947,939,941,944,957,954,952,962,963,968,999,972,971,969,970,973,997,976,980,978,979,981,996,987,983,994,991,993,992,995,998
3,9,11,10,16,23,18,17,14,27,24,37,42,39,32,43,48,46,49,53,57,63,55,51,44,68,77,75,78,82,86,85,81,80,92,88,87,93,69,97,101,95,65,104,109,110,108,112,114,117,113,125,122,111,127,132,133,137,135,140,143,144,141,134,147,149,152,158,156,150,148,126,161,167,166,164,162,170,160,102,30,174,180,181,191,190,188,187,186,194,196,195,185,175,201,206,209,208,213,210,215,214,223,225,226,222,219,197,231,239,235,234,233,245,241,247,249,246,254,253,257,264,259,255,251,240,270,275,272,287,284,288,294,300,302,305,304,306,307,299,295,311,309,290,280,266,314,315,323,328,329,327,333,334,332,322,336,345,349,346,354,352,344,343,335,357,364,362,359,368,367,370,374,373,372,377,386,385,380,379,376,391,397,395,398,394,399,389,371,404,402,406,409,410,408,401,366,415,418,417,422,421,423,419,426,424,428,431,430,432,437,439,436,440,441,427,413,444,443,356,313,265,228,172,451,457,458,464,460,455,454,475,476,482,483,480,479,478,485,468,467,491,490,492,493,495,489,501,499,502,507,505,508,510,525,520,517,516,509,503,486,448,527,531,534,533,539,543,538,557,551,550,560,562,558,566,564,568,567,572,578,574,582,583,585,579,571,587,569,546,592,594,596,601,602,608,609,607,606,599,593,612,611,610,622,624,623,625,621,619,639,640,635,641,645,648,647,644,629,615,651,656,655,660,658,654,661,650,665,663,669,670,673,678,676,680,683,684,690,692,687,694,682,699,698,701,696,671,662,707,710,711,708,705,718,720,714,722,721,712,704,727,729,726,730,733,737,738,740,739,747,742,736,735,734,731,754,755,753,758,752,751,723,768,769,771,770,763,759,702,777,776,774,779,783,784,782,787,788,778,773,798,804,805,809,807,800,796,790,815,816,814,820,827,824,823,821,818,828,810,614,589,837,838,840,853,852,856,855,850,843,861,862,842,835,864,870,874,873,894,900,899,885,878,875,866,907,905,903,920,919,918,913,924,925,923,927,910,940,934,933,943,941,932,950,955,953,959,952,967,968,965,964,973,983,993,992,980,978,970,997,996,1001,994,1005,1008,1011,1009,1006,1002,963,946,908,1015,1014,1017,1022,1023,1025,1019,1029,1030,1031,1032,1026,1040,1045,1051,1035,1034,1016,1053,1056,1055,1060,1063,1062,1058,1054,1065,1066,1070,1052,1075,1074,1083,1078,1077,1076,1089,1091,1087,1085,1093,1095,1094,1092,1073,1104,1103,1109,1108,1105,1102,1117,1116,1114,1123,1122,1131,1130,1129,1120,1133,1135,1137,1138,1139,1136,1132,1147,1142,1160,1158,1161,1154,1167,1169,1166,1151,1112,1174,1175,1179,1180,1190,1188,1183,1178,1191,1192,1196,1197,1177,1205,1204,1212,1211,1209,1201,1176,1214,1215,1220,1226,1224,1229,1233,1236,1228,1218,1241,1242,1245,1243,1237,1246,1249,1253,1250,1247,1258,1262,1263,1270,1271,1268,1259,1273,1278,1277,1272,1286,1281,1280,1257,1213,1290,1292,1294,1295,1296,1297,1293,1287,1301,1304,1307,1312,1315,1309,1306,1318,1327,1330,1335,1334,1326,1338,1337,1323,1343,1342,1351,1350,1356,1355,1352,1357,1349,1346,1369,1368,1367,1364,1374,1371,1377,1376,1360,1381,1380,1388,1387,1386,1383,1378,1391,1394,1392,1389,1399,1395,1359,1345,1341,1316,1305,1303,1298,1400,1170,1012,865,1407,1404,1415,1414,1411,1418,1409,1408,1425,1423,1430,1433,1440,1439,1436,1442,1441,1427,1445,1449,1455,1454,1452,1467,1465,1461,1451,1447,1444,1473,1478,1472,1479,1481,1486,1490,1488,1496,1495,1494,1484,1469,1422,1403,1500,1503,1509,1514,1520,1521,1524,1522,1519,1527,1534,1531,1535,1525,1536,1538,1539,1537,1546,1543,1552,1554,1558,1557,1559,1556,1560,1555,1553,1549,1540,1564,1566,1571,1575,1573,1579,1578,1572,1582,1570,1585,1584,1569,1567,1587,1589,1592,1593,1599,1596,1603,1601,1595,1586,1563,1518,1517,1508,1609,1607,1612,1614,1616,1613,1621,1625,1628,1630,1626,1624,1617,1611,1632,1635,1637,1636,1641,1642,1643,1640,1639,1646,1653,1651,1656,1649,1648,1644,1631,1604,1661,1664,1666,1665,1674,1677,1695,1694,1692,1689,1699,1698,1696,1700,1675,1703,1704,1673,1706,1708,1710,1712,1711,1709,1718,1724,1721,1728,1727,1735,1734,1725,1714,1745,1747,1746,1738,1751,1755,1750,1759,1749,1764,1763,1762,1761,1760,1767,1771,1776,1773,1778,1777,1768,1766,1737,1707,1781,1791,1782,1798,1800,1803,1805,1806,1816,1824,1821,1813,1801,1797,1780,1836,1832,1840,1847,1848,1842,1851,1850,1841,1855,1856,1858,1860,1859,1861,1857,1854,1831,1865,1864,1869,1868,1867,1870,1875,1877,1876,1879,1887,1886,1890,1889,1888,1878,1892,1872,1871,1895,1902,1896,1903,1908,1911,1907,1893,1915,1914,1921,1923,1920,1917,1925,1928,1912,1934,1935,1937,1936,1933,1930,1929,1942,1945,1946,1941,1939,1938,1863,1948,1950,1959,1958,1951,1965,1963,1962,1970,1968,1967,1960,1976,1972,1983,1982,1981,1987,1989,1986,1980,1992,1991,1996,1995,1998,1990,1947,1658,1497,529
1224,176,60,30,18,15,3,7,5,13,12,9,8,14,25,23,20,26,27,47,31,39,33,34,37,40,45,43,57,56,49,48,55,51,53,52,58,125,84,74,65,62,61,64,63,71,69,66,72,73,75,78,76,77,83,82,110,96,93,86,88,94,98,97,104,100,114,120,115,138,126,128,127,129,134,133,157,154,145,142,149,148,146,153,155,159,158,167,161,162,166,172,168,486,417,304,271,180,178,179,208,207,187,182,181,185,183,198,195,191,196,199,204,234,213,211,212,226,224,217,215,221,220,223,222,225,227,228,231,255,248,245,235,247,254,249,263,260,259,262,269,270,300,278,274,272,275,280,298,285,281,287,295,290,293,296,301,302,303,377,313,310,305,307,306,334,327,315,323,317,332,361,348,340,338,336,337,359,351,349,357,358,365,363,368,371,369,414,383,381,380,382,399,387,386,393,389,398,395,401,400,411,409,408,402,407,405,410,413,412,416,415,438,436,422,420,418,433,427,430,429,481,449,443,439,445,444,446,461,456,453,455,460,474,464,463,473,466,468,469,476,475,477,478,484,483,482,485,969,523,497,491,487,488,492,496,494,493,502,499,500,510,509,503,504,508,507,519,518,517,520,522,534,527,524,526,528,529,533,662,546,536,535,543,541,538,540,545,658,593,570,561,550,547,549,554,556,569,566,564,578,571,573,572,574,575,576,587,583,584,589,591,631,629,622,603,598,606,604,611,608,610,620,617,621,628,624,626,625,627,653,642,641,635,636,651,648,643,644,646,645,647,656,654,657,729,720,698,694,676,664,668,672,670,674,677,678,684,682,679,685,691,688,690,697,699,700,708,707,704,701,718,715,712,719,721,724,723,727,726,725,728,770,746,745,742,735,731,741,740,738,737,748,747,757,750,751,754,753,762,759,758,769,764,959,805,792,782,777,773,771,774,779,778,791,790,786,783,801,795,796,800,797,804,802,943,842,839,812,808,810,832,817,815,814,813,816,828,821,819,818,827,824,835,837,838,840,933,865,853,846,843,845,847,852,849,848,861,863,873,871,869,868,867,913,887,874,886,879,877,880,882,903,893,895,902,900,901,908,906,909,922,921,923,927,925,930,936,935,939,938,942,940,957,950,945,947,949,956,966,960,963,968,1073,988,987,986,980,970,976,984,981,1038,1003,995,990,992,994,1002,1001,998,996,999,1032,1020,1018,1004,1008,1005,1007,1011,1014,1019,1021,1029,1024,1022,1026,1025,1027,1028,1031,1035,1037,1058,1047,1046,1045,1053,1049,1057,1054,1065,1061,1066,1069,1068,1083,1081,1080,1215,1145,1091,1089,1085,1121,1104,1098,1101,1099,1102,1118,1113,1112,1105,1109,1111,1117,1114,1119,1127,1126,1124,1140,1132,1129,1134,1138,1137,1139,1142,1141,1208,1170,1159,1154,1151,1149,1150,1153,1158,1156,1165,1161,1162,1168,1167,1196,1183,1181,1177,1179,1190,1186,1191,1194,1201,1199,1205,1207,1211,1209,1214,1217,1731,1374,1351,1322,1259,1226,1225,1234,1229,1227,1228,1231,1233,1240,1239,1236,1238,1244,1242,1245,1250,1254,1253,1251,1255,1258,1256,1266,1275,1268,1274,1315,1314,1306,1289,1277,1286,1281,1280,1278,1283,1291,1302,1301,1299,1304,1309,1307,1310,1313,1341,1337,1323,1328,1326,1340,1339,1348,1346,1345,1350,1358,1352,1356,1355,1367,1362,1361,1373,1370,1368,1371,1372,1414,1384,1382,1378,1376,1380,1400,1388,1386,1398,1394,1408,1404,1402,1406,1410,1411,1413,1594,1565,1498,1465,1439,1438,1431,1424,1417,1422,1428,1437,1433,1457,1449,1446,1444,1440,1445,1448,1455,1454,1461,1459,1492,1490,1468,1467,1466,1486,1483,1477,1475,1471,1469,1472,1479,1478,1480,1489,1488,1487,1491,1493,1494,1496,1497,1526,1500,1502,1510,1506,1503,1504,1507,1512,1517,1514,1513,1524,1520,1525,1554,1535,1534,1527,1530,1528,1532,1540,1547,1541,1546,1544,1552,1550,1553,1560,1555,1559,1561,1562,1592,1583,1568,1566,1577,1574,1569,1582,1580,1587,1586,1589,1620,1605,1597,1596,1599,1602,1616,1607,1606,1608,1615,1617,1647,1631,1627,1622,1621,1626,1624,1629,1645,1644,1642,1636,1634,1639,1638,1646,1650,1648,1685,1669,1659,1657,1652,1667,1663,1661,1664,1678,1673,1672,1670,1675,1677,1683,1680,1679,1681,1718,1698,1691,1689,1688,1690,1693,1716,1700,1704,1703,1717,1726,1720,1724,1730,1810,1809,1761,1758,1757,1736,1732,1733,1748,1744,1738,1759,1796,1774,1764,1763,1766,1765,1771,1769,1773,1776,1794,1793,1780,1791,1795,1799,1803,1801,1805,1953,1857,1836,1828,1814,1813,1824,1816,1815,1821,1820,1826,1830,1829,1834,1848,1841,1837,1839,1847,1845,1854,1852,1849,1924,1879,1868,1859,1862,1866,1876,1869,1872,1870,1871,1873,1883,1882,1895,1888,1887,1884,1886,1894,1904,1901,1896,1902,1908,1917,1910,1912,1916,1915,1913,1921,1923,1929,1926,1925,1949,1933,1930,1939,1934,1946,1943,1942,1948,1951,1999,1983,1965,1960,1959,1957,1964,1963,1975,1972,1970,1967,1969,1973,1982,1977,1976,1987,1985,1990,1989,1988,1995,1993,2000