2,1
1,3,2
4,3,2,1
1,2,3,4
-
10,5,2,3,6,7
15,11,6,4,7,9,13,16,17,20
-
-
7,3,1,6,14,11,9,8,12,15
10,5,3,2,6,8,14,11,12,15
27,14,12,11,8,6,15,20,25,28
24,21,19,13,9,8,6,2,1,5,7,11,12,14,17,22,23,25,27,30
30,27,24,20,12,7,1,2,3,9,10,15,16,17,21,22,23,25,28,29
-
32,17,1,16,6,4,5,8,12,15,13,21,28,23,27,31,35,33,34,75,72,48,39,36,46,44,47,66,63,59,55,49,57,56,62,61,65,70,68,71,100,99,89,85,78,79,90,97,93,96
-
-
428,233,90,70,53,7,3,1,5,35,23,21,28,27,42,40,45,52,47,49,56,63,59,61,60,64,69,66,82,73,89,84,95,92,91,94,159,141,133,113,100,96,108,106,111,125,115,124,119,117,126,139,137,147,145,142,150,154,153,152,155,213,190,165,160,164,180,179,167,178,176,189,185,184,182,210,196,191,195,192,197,201,202,208,212,231,220,407,341,294,269,256,241,236,234,238,247,242,253,248,250,257,260,258,265,263,274,270,293,277,290,285,289,292,309,308,300,297,304,305,318,312,310,317,313,324,323,320,321,339,325,335,333,334,391,386,367,357,348,353,350,366,360,358,363,361,364,380,369,376,373,378,377,383,382,389,401,394,393,397,396,404,402,406,413,409,414,423,426,474,437,432,430,429,434,433,436,456,446,440,445,444,449,448,455,465,457,459,462,468,466,469,498,477,480,496,492,482,485,499
77,4,3,71,58,27,15,6,8,11,10,16,24,23,25,30,33,46,44,41,39,43,45,49,62,59,65,64,63,66,67,76,72,395,279,234,201,106,84,78,79,87,85,104,89,88,100,90,102,191,130,111,109,125,123,120,118,126,129,154,150,131,132,136,133,144,137,139,138,146,174,172,167,166,155,156,158,163,168,171,182,180,188,189,195,198,216,215,205,204,212,209,207,223,217,220,226,225,224,227,230,233,255,237,236,246,241,254,251,259,263,261,271,266,270,278,272,273,275,286,282,280,283,391,345,303,295,292,298,315,309,322,320,333,324,327,329,344,335,336,381,354,352,349,378,367,357,355,366,362,358,361,377,368,369,372,380,387,385,388,409,405,396,403,398,402,399,400,406,416,412,413,456,428,426,418,421,420,427,453,447,431,446,437,436,448,454,497,487,484,478,473,469,460,463,468,466,470,472,485
-
700,241,110,71,48,47,16,5,4,2,1,3,12,8,9,15,14,13,42,27,18,24,20,29,33,40,44,46,70,63,57,49,55,59,58,60,62,68,65,64,66,100,78,75,72,73,77,98,97,79,80,92,86,81,85,91,90,109,102,106,151,135,134,127,124,116,114,111,119,131,130,147,139,136,137,142,141,143,148,150,207,205,163,154,153,192,170,165,167,177,171,175,179,191,187,196,195,204,201,202,206,227,220,214,208,209,219,215,218,223,235,231,233,234,240,238,237,236,360,352,254,242,243,245,250,257,255,286,267,259,266,265,280,268,272,270,274,278,283,285,330,298,291,289,290,292,297,296,293,304,303,300,299,311,308,309,328,325,317,314,323,322,343,333,341,339,336,338,342,346,345,347,350,351,359,357,356,600,504,397,372,365,361,362,363,364,367,376,386,382,381,384,387,388,390,424,409,408,400,410,418,416,414,413,412,415,421,420,422,423,452,437,435,434,430,427,425,432,431,450,448,445,444,442,439,446,451,494,470,465,453,454,455,461,467,471,483,474,479,477,475,482,490,488,501,497,495,522,509,506,505,520,512,593,576,557,527,525,543,532,531,529,539,536,533,534,537,538,540,554,551,544,553,556,555,570,558,562,566,575,574,571,590,581,580,584,583,589,591,599,596,594,595,661,651,637,609,607,605,601,608,632,625,614,613,611,622,619,623,624,626,627,628,630,629,649,644,640,639,638,645,658,654,652,659,669,662,666,664,663,667,690,672,676,674,683,682,681,679,678,677,684,689,686,687,691,698,696,939,890,739,726,712,710,702,705,703,707,706,723,719,714,717,721,729,728,733,735,737,780,759,740,757,754,747,745,741,746,755,763,762,760,761,778,776,768,767,775,770,771,779,796,790,783,793,795,876,835,816,810,801,797,807,805,813,827,823,819,820,825,828,831,830,842,838,836,840,847,844,845,872,850,849,859,852,851,856,854,868,866,860,869,873,874,879,877,889,888,880,887,896,891,937,923,898,897,919,903,900,899,901,918,916,921,920,922,933,932,930,928,924,929,931,936,934,935,938,949,940,946,941,943,945,987,972,963,952,951,961,958,959,966,967,969,968,977,976,973,983,979,980,981,982,991,989,988,994,1000,999,998
-
529,527,448,172,30,24,14,10,9,3,11,17,16,18,23,27,102,65,44,43,32,39,37,42,51,49,46,48,55,53,63,57,95,69,68,93,87,80,78,75,77,81,85,82,86,88,92,101,97,160,126,111,108,104,110,109,122,113,112,117,114,125,148,147,134,133,132,127,141,140,135,137,144,143,150,149,156,152,158,170,162,161,164,166,167,228,197,175,174,185,181,180,195,194,186,187,188,190,191,196,219,214,210,208,206,201,209,213,215,222,226,225,223,265,240,233,231,234,235,239,251,246,241,245,249,247,255,253,254,259,257,264,313,266,280,272,270,275,290,288,284,287,309,295,294,299,307,306,304,302,300,305,311,356,335,322,315,314,332,327,323,329,328,334,333,343,336,344,352,346,345,349,354,443,413,366,359,357,362,364,401,371,370,367,368,389,376,372,373,374,379,377,380,385,386,399,394,391,398,395,397,408,406,402,404,410,409,427,424,419,417,415,418,423,421,422,426,441,440,436,432,430,428,431,439,437,444,486,467,454,451,455,460,458,457,464,468,485,478,476,475,479,480,483,482,503,502,499,489,495,493,492,490,491,501,509,508,505,507,516,510,517,520,525,1497,1403,865,864,835,589,546,538,533,531,534,543,539,569,567,564,558,550,551,557,562,560,566,568,587,571,579,574,572,578,585,583,582,614,610,593,592,599,596,594,606,602,601,607,609,608,611,612,810,790,773,702,662,650,615,629,619,621,625,623,622,624,644,641,635,640,639,647,645,648,661,654,651,658,655,656,660,671,670,669,663,665,696,682,680,676,673,678,694,687,684,683,692,690,701,698,699,759,723,704,712,705,708,707,711,710,721,714,720,718,722,751,731,730,726,729,727,734,733,735,736,742,739,738,737,740,747,752,758,753,755,754,763,770,769,768,771,778,774,776,777,788,787,782,779,784,783,796,800,798,807,805,804,809,828,818,814,816,815,821,820,823,824,827,842,840,838,837,862,861,843,850,855,852,853,856,1012,908,903,866,875,873,870,874,878,885,899,894,900,905,907,946,932,910,927,923,913,918,919,920,925,924,941,933,934,940,943,963,952,950,959,953,955,1002,994,970,964,965,968,967,978,973,980,992,983,993,1001,996,997,1006,1005,1009,1008,1011,1170,1112,1102,1073,1052,1016,1014,1015,1034,1026,1019,1017,1025,1023,1022,1032,1031,1030,1029,1035,1051,1045,1040,1070,1066,1065,1054,1053,1058,1055,1056,1062,1060,1063,1092,1085,1076,1074,1075,1077,1078,1083,1087,1091,1089,1094,1093,1095,1105,1103,1104,1108,1109,1151,1142,1132,1120,1114,1116,1117,1129,1122,1123,1130,1131,1136,1135,1133,1139,1138,1137,1147,1166,1154,1161,1158,1160,1169,1167,1400,1298,1287,1213,1176,1175,1174,1201,1177,1197,1196,1192,1191,1178,1183,1180,1179,1188,1190,1209,1204,1205,1211,1212,1257,1247,1246,1237,1218,1215,1214,1228,1224,1220,1226,1236,1233,1229,1243,1242,1241,1245,1250,1249,1253,1280,1272,1259,1258,1268,1263,1262,1271,1270,1277,1273,1278,1281,1286,1293,1292,1290,1297,1296,1295,1294,1303,1301,1305,1304,1316,1306,1309,1307,1315,1312,1341,1323,1318,1337,1326,1334,1330,1327,1335,1338,1345,1342,1343,1359,1346,1349,1357,1352,1350,1351,1355,1356,1395,1389,1378,1360,1376,1371,1364,1367,1368,1369,1374,1377,1383,1380,1381,1386,1387,1388,1392,1391,1394,1399,1422,1408,1404,1407,1409,1418,1411,1414,1415,1469,1444,1427,1423,1425,1441,1436,1433,1430,1439,1440,1442,1447,1445,1451,1449,1461,1452,1454,1455,1465,1467,1484,1481,1479,1472,1478,1473,1494,1488,1486,1490,1495,1496,1658,1604,1508,1503,1500,1517,1514,1509,1518,1563,1540,1537,1536,1525,1519,1522,1521,1520,1524,1535,1531,1527,1534,1539,1538,1549,1543,1546,1553,1552,1555,1554,1560,1556,1559,1557,1558,1586,1567,1566,1564,1569,1584,1570,1582,1572,1571,1578,1573,1575,1579,1585,1595,1593,1592,1589,1587,1601,1596,1599,1603,1631,1611,1607,1609,1617,1613,1612,1616,1614,1624,1621,1626,1625,1630,1628,1644,1639,1636,1635,1632,1637,1640,1643,1642,1641,1648,1646,1649,1656,1651,1653,1947,1863,1831,1780,1707,1706,1673,1665,1664,1661,1666,1704,1703,1675,1674,1700,1696,1689,1677,1692,1694,1695,1698,1699,1737,1714,1709,1708,1711,1710,1712,1725,1721,1718,1724,1734,1727,1728,1735,1766,1760,1749,1738,1746,1745,1747,1759,1750,1755,1751,1761,1762,1763,1764,1768,1767,1777,1773,1771,1776,1778,1797,1782,1781,1791,1801,1800,1798,1813,1806,1805,1803,1821,1816,1824,1854,1841,1840,1832,1836,1850,1842,1848,1847,1851,1857,1856,1855,1861,1859,1858,1860,1938,1929,1912,1893,1871,1870,1867,1864,1865,1868,1869,1872,1892,1878,1876,1875,1877,1888,1886,1879,1887,1889,1890,1907,1903,1896,1895,1902,1911,1908,1928,1925,1917,1914,1915,1920,1923,1921,1930,1933,1936,1935,1934,1937,1939,1941,1946,1945,1942,1990,1980,1972,1960,1951,1950,1948,1958,1959,1967,1962,1963,1965,1968,1970,1976,1986,1981,1982,1983,1989,1987,1998,1995,1991,1992,1996
-
