2,1
-
4,3,2,1
1,2,3,4
2,1,7,6,3
2,5,6,10,7,3
6,7,11,15,16,17,20,13,9,4
3,1,5,6,8,13,12,15,14,10
1,2,6,5,12,14,13,8,15,7
-
-
14,15,20,27,28,25,12,11,8,6
2,6,9,11,13,14,21,22,24,25,27,30,23,19,17,12,8,7,5,1
1,2,7,9,12,15,16,20,21,22,24,27,28,30,29,25,23,17,10,3
6,1,8,17,18,14,12,26,24,22,20,28,11,9,34,41,37,33,29,48,46,54,53,50,60,59,56,65,67,66,69,68,70,64,78,77,76,79,82,85,84,87,89,86,98,93,92,80,72,42
-
1,6,4,9,14,11,10,21,22,24,23,20,15,7,3,28,29,32,34,36,42,40,31,45,47,46,44,43,51,26,60,59,69,63,70,61,58,78,77,85,86,89,91,81,93,92,72,99,97,57
11,1,15,22,25,26,21,20,29,27,16,31,37,36,34,32,43,45,42,39,48,47,53,65,62,61,59,54,51,66,71,70,73,75,72,69,77,85,87,86,83,99,97,96,91,76,68,46,30,13
-
-
1,4,6,8,10,14,25,23,26,17,3,28,31,33,34,35,39,32,30,45,42,50,52,60,63,64,62,57,68,74,78,82,80,79,77,90,101,106,107,120,114,94,92,84,67,128,127,139,140,134,133,144,143,125,46,41,27,158,155,154,160,171,176,169,180,182,189,190,188,195,191,186,185,183,181,177,163,199,200,197,147,209,207,213,210,206,215,201,218,223,222,219,227,230,232,236,235,240,241,244,243,255,254,253,257,256,264,261,265,267,274,271,269,282,284,286,290,285,283,266,258,295,292,248,228,302,300,305,307,306,304,320,319,315,331,326,325,321,342,349,346,343,357,353,352,335,296,365,376,380,383,378,386,392,390,389,384,373,358,409,405,417,419,422,429,439,432,430,421,404,444,448,446,443,456,454,458,452,461,450,464,465,462,476,473,481,484,487,486,472,489,493,492,490,495,500,488,469,440,217
-
2,8,5,4,13,12,10,9,18,23,22,29,30,28,34,32,31,36,26,25,17,48,53,51,58,67,75,74,73,54,79,77,81,91,95,93,85,82,76,98,100,101,105,104,103,102,110,106,114,113,121,119,123,127,125,118,99,96,47,129,135,130,139,141,144,143,145,140,152,148,153,159,158,157,163,168,166,175,174,171,162,177,182,180,179,178,176,186,191,196,197,192,201,206,204,199,184,211,210,214,215,217,219,216,221,208,183,155,146,225,235,232,242,243,238,246,237,231,250,248,256,259,258,255,262,254,227,264,226,267,268,270,274,273,275,279,281,282,280,277,265,290,294,292,298,296,302,303,307,305,300,287,310,316,322,319,315,308,324,328,327,329,323,336,333,337,342,332,344,346,347,343,350,353,352,351,354,349,331,286,222,138,45,364,363,371,373,372,366,362,379,377,381,384,376,394,393,399,402,405,404,406,400,413,414,409,416,426,421,420,418,432,444,447,438,450,452,433,427,415,455,457,464,463,469,468,460,476,475,482,477,491,490,492,494,496,498,495,484,470,458,453,503,505,504,517,518,520,514,499,396,524,527,526,521,533,532,531,535,539,541,540,543,544,547,549,546,542,552,550,537,553,530,386,556,560,564,563,566,574,569,568,581,585,580,587,589,592,590,586,577,595,594,593,603,601,598,614,611,609,575,555,625,626,623,620,629,633,628,637,636,635,638,634,619,649,652,654,651,643,655,642,639,618,355,658,663,665,668,667,673,670,666,662,676,675,683,687,685,684,681,688,694,695,692,678,703,702,706,705,707,701,698,677,714,715,723,722,719,724,713,730,731,735,733,729,739,742,753,750,759,757,749,748,740,737,708,762,761,764,767,768,763,771,770,782,780,779,795,793,788,799,798,797,784,783,778,760,810,807,803,811,813,812,825,828,827,824,822,821,820,830,839,845,846,849,848,853,851,850,854,832,831,858,857,864,865,862,861,860,856,829,867,870,872,873,871,869,878,877,888,886,883,891,890,881,894,893,879,897,875,901,903,902,911,915,923,930,931,925,922,917,932,944,941,939,952,954,963,962,957,947,935,899,866,800,970,969,971,979,978,983,992,993,991,995,994,987,996,981,980,976,998,997,973,972,999,968,967,656
-
5,8,9,12,14,13,7,3,15,20,23,27,26,25,18,37,34,33,43,45,40,39,31,48,52,53,51,55,49,56,58,57,47,30,61,63,64,62,66,69,73,72,71,65,77,76,82,83,78,75,74,88,86,94,93,97,100,104,98,96,115,120,114,110,84,127,133,134,129,128,126,142,146,148,153,149,145,155,154,158,166,162,161,168,172,167,159,157,138,125,60,179,178,181,183,185,182,191,196,195,204,199,198,187,207,212,211,215,220,222,223,221,217,225,224,231,228,227,226,213,235,247,245,249,254,248,259,262,260,270,269,263,255,234,208,180,272,275,274,281,293,290,296,295,287,285,298,280,278,303,302,301,300,271,306,307,305,310,317,323,315,332,327,337,336,338,340,349,358,357,351,359,348,363,369,371,368,365,361,334,313,380,382,381,386,389,395,398,393,387,400,405,407,402,408,410,409,412,413,411,401,399,383,415,416,414,377,304,418,420,429,430,427,433,422,436,439,444,446,445,443,455,453,460,456,463,469,468,466,473,464,475,478,477,476,474,461,449,482,483,485,484,481,438,417,488,487,493,494,496,492,491,500,499,507,508,504,503,509,517,518,522,520,519,510,502,497,526,524,533,529,528,527,535,540,538,541,545,543,536,549,547,556,554,550,564,566,569,561,572,576,575,574,573,571,584,583,591,589,587,578,570,598,604,610,608,617,621,620,611,606,603,625,627,626,624,628,622,629,636,635,641,645,647,646,644,643,648,651,642,654,657,656,653,631,593,658,546,670,674,672,668,664,679,682,690,688,691,685,684,678,677,676,697,694,701,704,707,712,715,719,718,708,700,699,698,723,725,726,728,727,724,721,720,731,737,738,740,741,735,742,745,747,753,754,751,750,758,759,764,769,762,757,748,746,771,774,773,778,779,777,783,786,790,791,782,797,800,796,795,802,804,801,792,810,808,813,814,816,815,818,819,824,827,821,828,817,838,837,835,832,812,840,839,845,843,848,849,852,847,846,863,861,853,867,868,869,871,877,882,880,879,886,874,901,900,902,895,893,906,909,908,903,887,921,925,930,927,923,922,913,873,865,935,938,940,942,939,936,933,842,949,947,945,956,950,957,943,805,963,960,968,966,959,770,729,662,534,523,976,970,981,984,980,986,987,994,992,990,996,999,998,1001,1002,995,1007,1005,1014,1011,1008,1004,1019,1018,1022,1025,1028,1027,1026,1024,1031,1029,1021,1020,1037,1035,1032,1003,1045,1046,1049,1054,1057,1053,1047,1061,1068,1069,1066,1065,1058,1038,988,1080,1081,1085,1089,1099,1102,1101,1098,1111,1109,1105,1112,1114,1117,1113,1119,1118,1104,1124,1126,1129,1137,1139,1138,1134,1132,1141,1142,1140,1127,1121,1091,1150,1149,1153,1151,1156,1158,1154,1162,1161,1167,1168,1165,1159,1179,1177,1181,1186,1194,1191,1190,1183,1199,1207,1205,1201,1196,1170,1209,1214,1211,1208,1145,1217,1215,1083,1073,969,486,176,1225,1228,1227,1233,1231,1229,1238,1236,1239,1242,1251,1253,1256,1258,1255,1254,1250,1245,1244,1240,1234,1226,1274,1268,1278,1280,1283,1281,1286,1277,1299,1301,1304,1302,1291,1289,1307,1313,1310,1309,1306,1314,1315,1275,1266,1259,1326,1328,1323,1339,1340,1337,1345,1346,1350,1348,1341,1322,1355,1356,1352,1361,1362,1368,1372,1371,1370,1373,1367,1358,1351,1376,1380,1378,1382,1386,1394,1398,1388,1402,1406,1404,1413,1411,1410,1408,1400,1384,1422,1417,1428,1424,1433,1437,1431,1438,1440,1445,1444,1448,1446,1454,1455,1449,1459,1461,1457,1439,1466,1467,1469,1472,1471,1475,1478,1480,1479,1477,1483,1487,1488,1489,1486,1468,1491,1490,1497,1496,1494,1493,1492,1465,1504,1503,1507,1506,1513,1514,1520,1525,1524,1517,1512,1510,1502,1500,1528,1532,1530,1527,1534,1544,1546,1541,1550,1553,1552,1547,1540,1535,1559,1555,1562,1561,1560,1554,1526,1498,1566,1569,1574,1580,1582,1577,1568,1586,1589,1587,1583,1592,1565,1596,1602,1599,1597,1606,1615,1608,1607,1617,1616,1605,1621,1624,1626,1622,1629,1627,1634,1638,1639,1636,1642,1644,1646,1645,1631,1648,1652,1657,1661,1664,1663,1667,1659,1670,1672,1677,1675,1673,1679,1681,1680,1683,1678,1669,1688,1690,1689,1693,1691,1703,1704,1700,1717,1716,1698,1724,1720,1730,1726,1718,1685,1650,1647,1620,1594,1414,1374,1733,1732,1738,1744,1748,1736,1757,1759,1758,1763,1765,1769,1773,1771,1766,1764,1791,1780,1793,1795,1794,1776,1774,1801,1805,1803,1799,1796,1761,1809,1813,1815,1820,1821,1816,1826,1824,1814,1829,1834,1830,1828,1839,1837,1845,1847,1841,1849,1852,1854,1848,1836,1866,1862,1859,1871,1870,1873,1872,1869,1876,1868,1882,1886,1884,1887,1894,1888,1896,1902,1901,1913,1915,1916,1912,1910,1923,1921,1917,1908,1904,1895,1883,1879,1925,1926,1930,1934,1942,1943,1948,1946,1939,1933,1951,1949,1929,1924,1857,1957,1959,1963,1964,1960,1969,1967,1970,1973,1972,1976,1977,1982,1975,1965,1985,1988,1989,1993,1995,1990,1987,1983,2000,1999,1953,1810,1731,1224
